A = [1; 1; 1] * [1 2 3 4 5]
B = [0; 1; 2; 3; 4] * [1 1 1]